10 100 1
1 0.964706 1 0.992157 1 0.996078 1 0.976471 0.00784314 0 0.980392 1 1 0.952941 0.996078 1 0 0.0117647 0.00392157 0.984314 1 0.964706 1 1 1 0 0.0196078 1 0.988235 0.996078 1 1 0.941176 0.0117647 0 1 0 0.984314 1 0.996078 0.980392 0.0196078 0.00392157 0.0117647 0.988235 0.988235 0.0470588 0.996078 1 0.992157 0 0 0.0196078 0.992157 0.996078 1 0 1 0.992157 1 1 0.988235 0.992157 0 0.0235294 0 0 0.976471 0.992157 1 1 0.988235 1 0.996078 0.996078 0.984314 0.027451 0.00392157 0.00784314 0 1 1 1 1 1 1 1 1 1 0.0156863 1 1 1 1 1 1 1 1 0.976471 1 
0
0.984314 1 1 0.976471 1 0.988235 0.996078 1 1 0.00784314 1 1 0.972549 0.996078 1 0.972549 0.0117647 0 0 0.996078 0.976471 1 1 0 0 0.0392157 0 1 1 1 0.976471 0.992157 0.00784314 0 1 0.988235 0.0156863 0.988235 0.988235 0.988235 0.0470588 0.00392157 0 1 1 0.988235 0.0156863 0.992157 1 1 0 0 1 1 0.992157 1 0 1 1 1 1 0.0117647 0.0313725 0.960784 1 1 0 1 0.988235 0.980392 1 0.996078 0.984314 0.00784314 0.0235294 0.952941 0.0352941 0.980392 1 0.992157 1 0.976471 1 1 0 0.0313725 0 1 1 1 0.992157 1 0.980392 0.992157 0.988235 0.992157 0.996078 0 0 0 
0
1 0.996078 1 1 1 1 1 1 1 0.0196078 0.960784 1 1 0.964706 0.992157 1 0 0.0117647 0 0 1 0.992157 0.988235 0.0156863 0.0117647 0.0196078 0.027451 0.992157 0.976471 1 0 0.00392157 0 0.0509804 0.964706 0 0.00784314 1 1 0.972549 0.00784314 0.0156863 0.972549 0.996078 1 0.00392157 0 0.976471 1 1 0.992157 0.984314 0.027451 0 1 1 0 1 0.984314 0.984314 1 0.984314 1 0.0235294 0 0.992157 0 1 1 1 0.996078 1 0.94902 1 0 0.0235294 0.0196078 0.988235 1 0.984314 1 0.968627 1 1 0.988235 1 0.0196078 0 0 0.984314 0.988235 1 0.960784 1 0.945098 1 0.952941 1 0.0235294 0 
0
0.988235 1 0.976471 1 1 0.992157 1 1 0 0 1 1 0.976471 1 0.0156863 0 0.00392157 0 1 1 0.964706 0.992157 1 0 0.0196078 1 0 1 1 1 1 0 0.00392157 1 0.960784 1 0.00392157 1 1 1 0 0.0117647 0.972549 1 1 0.964706 0.0431373 0.996078 1 1 0 0 0 1 0.976471 1 0 0.964706 1 1 1 1 0 0.00784314 1 0.992157 0 1 0.992157 0.992157 1 0.968627 0.992157 1 0 0.0313725 0 1 1 1 1 0.968627 1 1 0.988235 1 0.0196078 0 0 0 0.988235 1 0.960784 1 0.945098 1 0.952941 1 0 0 
0
1 1 1 0.988235 1 0.968627 1 0.968627 0.0117647 0 1 0.952941 1 0.992157 0.996078 1 0.937255 0.0392157 0 0.984314 1 1 0.968627 0.988235 0.968627 0 0.0156863 0.976471 0.996078 1 1 0.964706 1 0.00392157 0.054902 0 1 0 1 0.992157 0.956863 0.0392157 0 0 0.976471 0.992157 0 1 1 0.988235 0.027451 0 0 1 0.972549 1 0.027451 0.984314 1 1 0.992157 1 1 0.0235294 0.0117647 0 0 0.980392 0.980392 1 1 1 1 0.956863 1 0 0 0.0235294 1 0.976471 0.996078 1 0.964706 1 0.933333 1 0.984314 0 0 0 1 0.984314 0.984314 1 1 0.960784 0.992157 1 1 0 
0
0.996078 1 0.980392 0.00784314 0.00392157 0 1 1 1 0.992157 1 0.964706 0 0.00392157 0 0 0.0196078 0.992157 1 1 0 0.00784314 1 0.976471 1 0.976471 0.0196078 0 0 0.0352941 0.0156863 1 1 0.976471 1 0.941176 1 0.992157 1 0 0.0156863 0.945098 0.996078 1 0.976471 1 1 0.996078 1 0 0.00784314 0.988235 1 0.996078 1 0.996078 0.992157 1 0 0.0196078 0.0156863 0.996078 1 0.972549 1 1 1 0 0.0156863 0.980392 0 0.0235294 0.964706 1 1 1 0.992157 0.00784314 1 1 0.992157 0 0 0.992157 1 0.956863 1 0 1 1 0.996078 1 0 0 0.952941 1 0.968627 1 1 1 
1
1 0.992157 0 0.0470588 0 1 1 0.992157 0.992157 0.992157 0.988235 0.00784314 0 0.984314 1 0 0 1 1 0.992157 1 0 0.992157 0.984314 1 0.984314 1 0.0117647 0.980392 1 0 1 1 0.988235 1 0.996078 0.992157 0.984314 0.00784314 0.00392157 0 1 0.980392 0.984314 0.976471 0.996078 1 0.996078 1 0 0.027451 0.964706 1 0.968627 1 1 1 1 0 0.0431373 0 0 1 1 0.960784 1 0.956863 1 0 0.976471 0.996078 0.0313725 0.956863 1 1 0.960784 1 0 0.027451 0.996078 1 1 0.0235294 0.976471 1 0.984314 0.992157 0.0156863 1 1 1 0.945098 1 0.952941 1 0.984314 1 0.980392 1 1 
1
0.996078 1 0.992157 1 0 0.00392157 0.992157 1 0.984314 1 1 0.988235 0 0.0156863 1 0.0235294 0 0.027451 1 0.972549 0 0.0156863 0.956863 1 0.956863 1 1 0 0 1 0 1 1 0.980392 1 0.968627 1 1 0 1 0.00784314 1 0.976471 0.976471 1 1 0.968627 0.988235 0.0352941 1 0 1 1 1 0.976471 1 1 0.996078 0 0 0.0117647 0.988235 1 0.996078 0.996078 1 0.992157 0.996078 0 0.0509804 0 0.00392157 0.996078 0.996078 1 0.992157 1 1 0 0.992157 0.996078 0 0.0235294 0.988235 1 0.980392 0 0.0117647 0 0.984314 1 0.972549 1 0.94902 1 0.980392 1 0.988235 1 0.992157 
1
1 0.984314 0.00784314 0 0 0.0156863 0 0.984314 1 1 1 0 0.054902 0.968627 1 0.980392 0.00392157 0.0156863 0.968627 0.992157 0 0 0.996078 1 1 0.996078 1 0 0.0235294 1 0 1 1 1 1 0.988235 1 1 0 1 0.00784314 0.992157 0.996078 1 0.976471 0.992157 0.988235 1 1 0 0.00784314 0 0.992157 0.984314 1 1 0.980392 1 1 0 0.980392 0.0784314 0.996078 0.996078 0.996078 0.988235 1 0.960784 0 0.992157 1 0 0.992157 1 0.968627 1 0.984314 1 0.00392157 0.984314 0.996078 0.00392157 0 1 1 0.988235 1 0.996078 0 0.984314 1 1 0.0235294 0 0 1 0.984314 1 1 0.992157 
1
1 0.00392157 0.00392157 0.00784314 0.00392157 0 0 0 0.996078 0.996078 0 0 1 0.984314 0.968627 1 1 0.00392157 1 1 0.0470588 1 1 1 1 1 1 0 0 0.992157 0 1 1 1 1 0.976471 0.996078 1 0 1 0.0117647 0.984314 1 0.968627 0.976471 1 0.964706 1 0.0196078 0 0.00392157 1 0.984314 1 0.984314 1 1 0.988235 0 1 0 0 0.992157 1 1 0.972549 1 1 0 1 1 0 1 0.964706 1 0.945098 1 0 0.0235294 0.996078 0.996078 0.027451 0 1 1 1 0.964706 0.00784314 1 1 0.992157 1 0.027451 0 0.976471 0.94902 1 0.027451 1 1 
1
